goal  solved  gates     T  time (s)    nodes gen
0        yes     40    17      0.57       21,444
1        yes     35    14      0.47       18,444
2        yes     38    16      0.39       20,244
3        yes     27    11      0.27       13,644
4        yes     35    15      0.37       18,444
5        yes     39    16      0.74       20,844
6        yes     39    17      0.41       20,844
7        yes     36    16      0.37       19,044
8        yes     39    16      0.65       20,844
9        yes     26    10      0.26       13,044
10       yes     38    15      0.40       20,244
11       yes     36    15      0.74       19,044
12       yes     37    15      0.42       19,644
13       yes     36    16      0.38       19,044
14       yes     33    13      0.35       17,244
15       yes     35    15      0.36       18,444
16       yes     37    15      0.39       19,644
17       yes     30    13      0.31       15,444
18       yes     34    14      0.57       17,844
19       yes     38    16      0.40       20,244
20       yes     37    16      0.39       19,644
21       yes     20     8      0.19        9,444
22       yes     36    15      0.61       19,044
23       yes     35    16      0.37       18,444
24       yes     26    11      0.27       13,044
25       yes     38    15      0.65       20,244
26       yes     38    15      0.41       20,244
27       yes     33    14      0.35       17,244
28       yes     35    15      0.37       18,444
29       yes     40    18      0.71       21,444
30       yes     40    16      0.42       21,444
31       yes     39    18      0.41       20,844
32       yes     31    15      0.60       16,044
33       yes     37    15      0.41       19,644
34       yes     41    18      0.45       22,044
35       yes     35    15      0.58       18,444
36       yes     30    13      0.30       15,444
37       yes     33    15      0.34       17,244
38       yes     35    15      0.36       18,444
39       yes     40    17      0.70       21,444
40       yes     37    16      0.40       19,644
41       yes     32    13      0.34       16,644
42       yes     36    15      0.61       19,044
43       yes     27    11      0.27       13,644
44       yes     36    15      0.38       19,044
45       yes     31    13      0.33       16,044
46       yes     31    13      0.65       16,044
47       yes     32    13      0.35       16,644
48       yes     40    18      0.43       21,444
49       yes     38    16      0.65       20,244
50       yes     37    17      0.40       19,644
51       yes     38    16      0.40       20,244
52       yes     23    10      0.22       11,244
53       yes     39    16      0.66       20,844
54       yes     33    15      0.34       17,244
55       yes     37    15      0.39       19,644
56       yes     32    14      0.33       16,644
57       yes     31    13      0.55       16,044
58       yes     34    15      0.34       17,844
59       yes     27    12      0.27       13,644
60       yes     39    17      0.58       20,844
61       yes     36    15      0.37       19,044
62       yes     41    17      0.42       22,044
63       yes     38    16      0.60       20,244
64       yes     38    16      0.39       20,244
65       yes     37    16      0.38       19,644
66       yes     38    16      0.38       20,244
67       yes     33    14      0.62       17,244
68       yes     38    16      0.41       20,244
69       yes     35    15      0.37       18,444
70       yes     37    16      0.62       19,644
71       yes     29    12      0.31       14,844
72       yes     40    17      0.43       21,444
73       yes     38    17      0.59       20,244
74       yes     33    14      0.33       17,244
75       yes     35    15      0.36       18,444
76       yes     39    17      0.42       20,844
77       yes     26    12      0.59       13,044
78       yes     30    13      0.32       15,444
79       yes     35    15      0.37       18,444
80       yes     38    18      0.40       20,244
81       yes     30    13      0.30       15,444
82       yes     40    16      0.42       21,444
83       yes     35    15      0.36       18,444
84       yes     34    15      0.55       17,844
85       yes     34    13      0.35       17,844
86       yes     43    18      0.45       23,244
87       yes     34    14      0.55       17,844
88       yes     30    12      0.30       15,444
89       yes     37    16      0.39       19,644
90       yes     40    17      0.44       21,444
91       yes     38    16      0.73       20,244
92       yes     40    16      0.43       21,444
93       yes     34    14      0.36       17,844
94       yes     30    12      0.61       15,444
95       yes     35    14      0.37       18,444
96       yes     36    16      0.37       19,044
97       yes     34    14      0.57       17,844
98       yes     34    14      0.36       17,844
99       yes     33    15      0.36       17,244
100      yes     39    17      0.43       20,844
101      yes     33    14      0.61       17,244
102      yes     38    16      0.39       20,244
103      yes     29    12      0.29       14,844
104      yes     29    12      0.29       14,844
105      yes     21     9      0.46       10,044
106      yes     26    11      0.26       13,044
107      yes     34    14      0.35       17,844
108      yes     37    16      0.39       19,644
109      yes     35    15      0.59       18,444
110      yes     33    13      0.34       17,244
111      yes     30    14      0.30       15,444
112      yes     37    16      0.67       19,644
113      yes     32    14      0.34       16,644
114      yes     35    16      0.38       18,444
115      yes     36    15      0.39       19,044
116      yes     37    15      0.71       19,644
117      yes     35    16      0.38       18,444
118      yes     34    15      0.35       17,844
119      yes     34    14      0.55       17,844
120      yes     31    14      0.31       16,044
121      yes     38    16      0.41       20,244
122      yes     38    16      0.42       20,244
123      yes     40    16      0.78       21,444
124      yes     34    13      0.35       17,844
125      yes     39    17      0.41       20,844
126      yes     40    18      0.63       21,444
127      yes     34    14      0.35       17,844
128      yes     36    15      0.37       19,044
129      yes     34    14      0.55       17,844
130      yes     34    15      0.34       17,844
131      yes     35    15      0.36       18,444
132      yes     37    16      0.38       19,644
133      yes     26    10      0.48       13,044
134      yes     38    16      0.41       20,244
135      yes     38    15      0.41       20,244
136      yes     34    15      0.62       17,844
137      yes     36    16      0.39       19,044
138      yes     32    13      0.34       16,644
139      yes     36    16      0.39       19,044
140      yes     35    14      0.60       18,444
141      yes     29    13      0.29       14,844
142      yes     33    14      0.33       17,244
143      yes     32    14      0.33       16,644
144      yes     39    17      0.71       20,844
145      yes     31    13      0.33       16,044
146      yes     37    16      0.39       19,644
147      yes     37    15      0.58       19,644
148      yes     34    14      0.35       17,844
149      yes     34    15      0.36       17,844
150      yes     37    16      0.60       19,644
151      yes     36    15      0.37       19,044
152      yes     39    17      0.41       20,844
153      yes     36    14      0.38       19,044
154      yes     37    15      0.66       19,644
155      yes     38    17      0.40       20,244
156      yes     36    15      0.38       19,044
157      yes     34    15      0.64       17,844
158      yes     32    13      0.34       16,644
159      yes     36    17      0.39       19,044
160      yes     38    16      0.67       20,244
161      yes     31    14      0.34       16,044
162      yes     35    14      0.37       18,444
163      yes     32    14      0.33       16,644
164      yes     34    13      0.59       17,844
165      yes     35    14      0.38       18,444
166      yes     38    16      0.42       20,244
167      yes     31    14      0.33       16,044
168      yes     28    11      0.55       14,244
169      yes     35    14      0.36       18,444
170      yes     37    15      0.39       19,644
171      yes     38    16      0.64       20,244
172      yes     21     9      0.21       10,044
173      yes     35    15      0.37       18,444
174      yes     40    17      0.42       21,444
175      yes     32    13      0.57       16,644
176      yes     28    11      0.28       14,244
177      yes     42    17      0.44       22,644
178      yes     37    15      0.68       19,644
179      yes     38    16      0.42       20,244
180      yes     34    15      0.37       17,844
181      yes     34    14      0.36       17,844
182      yes     35    15      0.69       18,444
183      yes     35    15      0.37       18,444
184      yes     36    16      0.37       19,044
185      yes     31    12      0.54       16,044
186      yes     29    12      0.30       14,844
187      yes     38    16      0.42       20,244
188      yes     37    15      0.40       19,644
189      yes     35    15      0.68       18,444
190      yes     38    15      0.40       20,244
191      yes     26    10      0.26       13,044
192      yes     40    18      0.66       21,444
193      yes     33    14      0.35       17,244
194      yes     36    15      0.38       19,044
195      yes     39    17      0.64       20,844
196      yes     37    15      0.38       19,644
197      yes     32    13      0.32       16,644
198      yes     34    14      0.35       17,844
199      yes     34    14      0.64       17,844
200      yes     39    17      0.43       20,844
201      yes     33    14      0.36       17,244
202      yes     41    17      0.68       22,044
203      yes     39    16      0.42       20,844
204      yes     37    17      0.40       19,644
205      yes     37    16      0.60       19,644
206      yes     34    15      0.35       17,844
207      yes     37    17      0.38       19,644
208      yes     42    18      0.46       22,644
209      yes     29    12      0.63       14,844
210      yes     35    15      0.37       18,444
211      yes     31    13      0.32       16,044
212      yes     20     9      0.19        9,444
213      yes     34    15      0.60       17,844
214      yes     27    12      0.28       13,644
215      yes     39    16      0.41       20,844
216      yes     41    17      0.61       22,044
217      yes     22     8      0.21       10,644
218      yes     33    14      0.34       17,244
219      yes     37    16      0.38       19,644
220      yes     38    17      0.63       20,244
221      yes     40    16      0.43       21,444
222      yes     34    14      0.36       17,844
223      yes     38    16      0.68       20,244
224      yes     34    15      0.36       17,844
225      yes     29    11      0.31       14,844
226      yes     34    15      0.38       17,844
227      yes     34    14      0.60       17,844
228      yes     37    15      0.38       19,644
229      yes     25    10      0.25       12,444
230      yes     31    13      0.32       16,044
231      yes     39    17      0.74       20,844
232      yes     33    12      0.36       17,244
233      yes     30    12      0.30       15,444
234      yes     35    15      0.36       18,444
235      yes     34    14      0.36       17,844
236      yes     35    14      0.37       18,444
237      yes     37    16      0.39       19,644
238      yes     38    16      0.61       20,244
239      yes     34    14      0.35       17,844
240      yes     36    16      0.37       19,044
241      yes     25    11      0.25       12,444
242      yes     39    16      0.66       20,844
243      yes     41    18      0.45       22,044
244      yes     36    14      0.39       19,044
245      yes     38    17      0.66       20,244
246      yes     32    15      0.34       16,644
247      yes     36    14      0.38       19,044
248      yes     40    17      0.69       21,444
249      yes     37    16      0.38       19,644
250      yes     37    16      0.39       19,644
251      yes     38    16      0.70       20,244
252      yes     32    13      0.35       16,644
253      yes     36    14      0.40       19,044
254      yes     39    17      0.41       20,844
255      yes     39    16      0.40       20,844
256      yes     36    15      0.38       19,044
257      yes     39    17      0.41       20,844
258      yes     33    13      0.58       17,244
259      yes     32    14      0.34       16,644
260      yes     36    15      0.38       19,044
261      yes     37    16      0.62       19,644
262      yes     30    13      0.31       15,444
263      yes     36    15      0.38       19,044
264      yes     38    15      0.42       20,244
265      yes     32    14      0.68       16,644
266      yes     37    16      0.40       19,644
267      yes     37    15      0.41       19,644
268      yes     41    18      0.75       22,044
269      yes     38    16      0.41       20,244
270      yes     33    13      0.34       17,244
271      yes     27    12      0.27       13,644
272      yes     33    14      0.67       17,244
273      yes     28    12      0.29       14,244
274      yes     35    15      0.38       18,444
275      yes     39    17      0.58       20,844
276      yes     23    10      0.22       11,244
277      yes     38    16      0.41       20,244
278      yes     41    18      0.43       22,044
279      yes     34    14      0.57       17,844
280      yes     35    15      0.36       18,444
281      yes     36    16      0.37       19,044
282      yes     33    14      0.56       17,244
283      yes     35    14      0.36       18,444
284      yes     41    18      0.44       22,044
285      yes     35    15      0.66       18,444
286      yes     34    15      0.37       17,844
287      yes     39    17      0.42       20,844
288      yes     37    16      0.40       19,644
289      yes     42    17      0.81       22,644
290      yes     35    15      0.36       18,444
291      yes     38    16      0.40       20,244
292      yes     40    17      0.69       21,444
293      yes     40    17      0.44       21,444
294      yes     32    13      0.35       16,644
295      yes     35    14      0.60       18,444
296      yes     35    14      0.36       18,444
297      yes     34    15      0.35       17,844
298      yes     36    17      0.38       19,044
299      yes     40    17      0.73       21,444
300      yes     38    17      0.39       20,244
301      yes     36    15      0.37       19,044
302      yes     39    17      0.64       20,844
303      yes     37    15      0.40       19,644
304      yes     30    12      0.32       15,444
305      yes     35    14      0.67       18,444
306      yes     31    13      0.33       16,044
307      yes     26    11      0.26       13,044
308      yes     29    11      0.30       14,844
309      yes     37    16      0.70       19,644
310      yes     32    13      0.33       16,644
311      yes     37    16      0.38       19,644
312      yes     32    13      0.33       16,644
313      yes     35    16      0.69       18,444
314      yes     32    13      0.35       16,644
315      yes     36    15      0.40       19,044
316      yes     40    17      0.64       21,444
317      yes     33    14      0.34       17,244
318      yes     28    13      0.29       14,244
319      yes     32    14      0.34       16,644
320      yes     37    16      0.68       19,644
321      yes     37    17      0.39       19,644
322      yes     33    14      0.34       17,244
323      yes     28    12      0.28       14,244
324      yes     36    16      0.37       19,044
325      yes     29    13      0.30       14,844
326      yes     33    14      0.36       17,244
327      yes     39    16      0.68       20,844
328      yes     27    12      0.29       13,644
329      yes     39    17      0.43       20,844
330      yes     38    16      0.42       20,244
331      yes     30    13      0.31       15,444
332      yes     31    12      0.32       16,044
333      yes     38    15      0.40       20,244
334      yes     36    17      0.64       19,044
335      yes     29    12      0.31       14,844
336      yes     26    12      0.28       13,044
337      yes     38    16      0.41       20,244
338      yes     26    11      0.53       13,044
339      yes     33    14      0.34       17,244
340      yes     38    14      0.40       20,244
341      yes     40    17      0.42       21,444
342      yes     38    17      0.62       20,244
343      yes     40    18      0.42       21,444
344      yes     33    13      0.34       17,244
345      yes     40    16      0.64       21,444
346      yes     40    17      0.42       21,444
347      yes     38    16      0.42       20,244
348      yes     32    13      0.61       16,644
349      yes     34    14      0.37       17,844
350      yes     29    12      0.31       14,844
351      yes     34    15      0.37       17,844
352      yes     34    14      0.64       17,844
353      yes     39    16      0.41       20,844
354      yes     37    16      0.39       19,644
355      yes     41    17      0.72       22,044
356      yes     37    15      0.40       19,644
357      yes     38    17      0.40       20,244
358      yes     41    17      0.65       22,044
359      yes     36    16      0.38       19,044
360      yes     37    16      0.39       19,644
361      yes     38    16      0.63       20,244
362      yes     29    12      0.29       14,844
363      yes     27    10      0.28       13,644
364      yes     33    14      0.34       17,244
365      yes     28    11      0.52       14,244
366      yes     37    16      0.39       19,644
367      yes     35    15      0.38       18,444
368      yes     38    15      0.67       20,244
369      yes     31    14      0.32       16,044
370      yes     21     9      0.21       10,044
371      yes     36    14      0.39       19,044
372      yes     34    14      0.69       17,844
373      yes     37    15      0.39       19,644
374      yes     39    16      0.41       20,844
375      yes     38    16      0.40       20,244
376      yes     38    16      0.76       20,244
377      yes     35    14      0.38       18,444
378      yes     32    13      0.33       16,644
379      yes     38    17      0.62       20,244
380      yes     30    13      0.31       15,444
381      yes     39    16      0.42       20,844
382      yes     39    16      0.67       20,844
383      yes     36    14      0.39       19,044
384      yes     39    16      0.41       20,844
385      yes     34    14      0.35       17,844
386      yes     36    15      0.66       19,044
387      yes     40    17      0.44       21,444
388      yes     38    16      0.42       20,244
389      yes     38    16      0.70       20,244
390      yes     38    17      0.42       20,244
391      yes     33    13      0.36       17,244
392      yes     36    14      0.61       19,044
393      yes     35    15      0.37       18,444
394      yes     37    15      0.39       19,644
395      yes     29    13      0.31       14,844
396      yes     24    10      0.58       11,844
397      yes     36    16      0.39       19,044
398      yes     39    17      0.42       20,844
399      yes     38    17      0.62       20,244
400      yes     36    15      0.39       19,044
401      yes     34    15      0.36       17,844
402      yes     37    16      0.63       19,644
403      yes     35    15      0.37       18,444
404      yes     39    16      0.41       20,844
405      yes     37    16      0.38       19,644
406      yes      7     3      0.04        1,644
407      yes     29    11      0.63       14,844
408      yes     29    12      0.31       14,844
409      yes     35    14      0.38       18,444
410      yes     39    16      0.60       20,844
411      yes     38    16      0.41       20,244
412      yes     36    15      0.39       19,044
413      yes     32    13      0.33       16,644
414      yes     33    14      0.58       17,244
415      yes     40    15      0.42       21,444
416      yes     33    14      0.36       17,244
417      yes     36    14      0.63       19,044
418      yes     35    15      0.37       18,444
419      yes     37    16      0.39       19,644
420      yes     41    17      0.65       22,044
421      yes     33    15      0.35       17,244
422      yes     34    15      0.35       17,844
423      yes     30    14      0.30       15,444
424      yes     41    17      0.78       26,844
425      yes     31    13      0.31       16,044
426      yes     37    16      0.37       19,644
427      yes     41    17      0.71       22,044
428      yes     34    14      0.36       17,844
429      yes     30    12      0.32       15,444
430      yes     36    16      0.69       19,044
431      yes     34    15      0.37       17,844
432      yes     32    14      0.35       16,644
433      yes     40    17      0.42       21,444
434      yes     33    13      0.59       17,244
435      yes     35    15      0.38       18,444
436      yes     37    16      0.40       19,644
437      yes     37    16      0.69       19,644
438      yes     34    15      0.35       17,844
439      yes     35    15      0.38       18,444
440      yes     35    13      0.37       18,444
441      yes     35    15      0.65       18,444
442      yes     31    12      0.32       16,044
443      yes     34    13      0.35       17,844
444      yes     37    16      0.66       19,644
445      yes     35    14      0.37       18,444
446      yes     29    12      0.29       14,844
447      yes     30    13      0.30       15,444
448      yes     37    15      0.71       19,644
449      yes     14     6      0.13        5,844
450      yes     39    15      0.43       20,844
451      yes     32    14      0.35       16,644
452      yes     35    15      0.67       18,444
453      yes     35    15      0.38       18,444
454      yes     39    16      0.41       20,844
455      yes     36    15      0.59       19,044
456      yes     33    14      0.36       17,244
457      yes     40    17      0.45       21,444
458      yes     34    15      0.37       17,844
459      yes     40    16      0.69       21,444
460      yes     31    14      0.31       16,044
461      yes     28    12      0.29       14,244
462      yes     39    17      0.63       20,844
463      yes     27    11      0.27       13,644
464      yes     39    17      0.40       20,844
465      yes     39    16      0.42       20,844
466      yes     36    15      0.68       19,044
467      yes     38    16      0.40       20,244
468      yes     25    10      0.26       12,444
469      yes     32    14      0.66       16,644
470      yes     32    13      0.35       16,644
471      yes     36    15      0.39       19,044
472      yes     29    12      0.31       14,844
473      yes     30    13      0.62       15,444
474      yes     36    15      0.38       19,044
475      yes     39    16      0.41       20,844
476      yes     27    11      0.27       13,644
477      yes     37    15      0.69       19,644
478      yes     28    13      0.29       14,244
479      yes     34    15      0.36       17,844
480      yes     34    14      0.35       17,844
481      yes     37    16      0.59       19,644
482      yes     38    16      0.39       20,244
483      yes     32    13      0.33       16,644
484      yes     30    12      0.51       15,444
485      yes     39    17      0.40       20,844
486      yes     29    12      0.29       14,844
487      yes     39    18      0.39       20,844
488      yes     39    16      0.63       20,844
489      yes     26    11      0.27       13,044
490      yes     36    15      0.39       19,044
491      yes     41    18      0.71       22,044
492      yes     33    14      0.35       17,244
493      yes     36    15      0.38       19,044
494      yes     39    17      0.66       20,844
495      yes     24    10      0.24       11,844
496      yes     32    14      0.32       16,644
497      yes     40    18      0.42       21,444
498      yes     40    18      0.75       21,444
499      yes     43    19      0.47       23,244
500      yes     41    18      0.43       22,044
501      yes     36    15      0.61       19,044
502      yes     34    15      0.35       17,844
503      yes     36    16      0.38       19,044
504      yes     36    15      0.60       19,044
505      yes     38    17      0.39       20,244
506      yes     34    15      0.35       17,844
507      yes     33    14      0.34       17,244
508      yes     36    15      0.65       19,044
509      yes     38    17      0.42       20,244
510      yes     41    18      0.46       22,044
511      yes     34    16      0.66       17,844
512      yes     38    17      0.42       20,244
513      yes     30    12      0.32       15,444
514      yes     37    15      0.61       19,644
515      yes     38    15      0.40       20,244
516      yes     35    14      0.37       18,444
517      yes     37    15      0.41       19,644
518      yes     39    17      0.42       20,844
519      yes     29    11      0.29       14,844
520      yes     37    16      0.38       19,644
521      yes     32    13      0.56       16,644
522      yes     38    16      0.41       20,244
523      yes     35    14      0.37       18,444
524      yes     39    17      0.65       20,844
525      yes     28    12      0.28       14,244
526      yes     36    15      0.37       19,044
527      yes     28    13      0.28       14,244
528      yes     39    17      0.73       20,844
529      yes     31    13      0.33       16,044
530      yes     34    13      0.37       17,844
531      yes     34    15      0.37       17,844
532      yes     32    14      0.68       16,644
533      yes     38    16      0.42       20,244
534      yes     35    14      0.36       18,444
535      yes     36    15      0.59       19,044
536      yes     33    14      0.35       17,244
537      yes     31    13      0.34       16,044
538      yes     37    15      0.40       19,644
539      yes     34    15      0.63       17,844
540      yes     37    16      0.38       19,644
541      yes     38    16      0.39       20,244
542      yes     34    15      0.58       17,844
543      yes     36    16      0.36       19,044
544      yes     32    13      0.32       16,644
545      yes     39    17      0.61       20,844
546      yes     34    15      0.35       17,844
547      yes     28    11      0.28       14,244
548      yes     43    18      0.46       23,244
549      yes     36    15      0.71       19,044
550      yes     37    15      0.40       19,644
551      yes     31    13      0.32       16,044
552      yes     34    15      0.69       17,844
553      yes     37    14      0.40       19,644
554      yes     39    18      0.40       20,844
555      yes     39    15      0.66       20,844
556      yes     35    14      0.36       18,444
557      yes     26    11      0.26       13,044
558      yes     37    17      0.38       19,644
559      yes     38    17      0.76       20,244
560      yes     39    16      0.43       20,844
561      yes     38    17      0.41       20,244
562      yes     39    17      0.74       20,844
563      yes     35    15      0.38       18,444
564      yes     35    15      0.38       18,444
565      yes     42    17      0.75       22,644
566      yes     35    14      0.38       18,444
567      yes     28    11      0.30       14,244
568      yes     31    13      0.33       16,044
569      yes     40    17      0.77       21,444
570      yes     37    16      0.41       19,644
571      yes     37    15      0.41       19,644
572      yes     41    17      0.74       22,044
573      yes     31    14      0.33       16,044
574      yes     34    15      0.37       17,844
575      yes     44    19      0.49       23,844
576      yes     39    18      0.73       20,844
577      yes     39    17      0.41       20,844
578      yes     27    10      0.27       13,644
579      yes     32    14      0.59       16,644
580      yes     39    17      0.41       20,844
581      yes     31    13      0.32       16,044
582      yes     33    15      0.35       17,244
583      yes     33    14      0.59       17,244
584      yes     33    14      0.36       17,244
585      yes     36    15      0.39       19,044
586      yes     37    15      0.65       19,644
587      yes     37    15      0.41       19,644
588      yes     33    14      0.36       17,244
589      yes     37    15      0.71       19,644
590      yes     32    12      0.34       16,644
591      yes     32    14      0.35       16,644
592      yes     34    13      0.36       17,844
593      yes     29    12      0.64       14,844
594      yes     32    13      0.35       16,644
595      yes     42    19      0.46       22,644
596      yes     31    13      0.33       16,044
597      yes     33    14      0.69       17,244
598      yes     37    15      0.39       19,644
599      yes     38    16      0.42       20,244
600      yes     35    16      0.65       18,444
601      yes     35    16      0.38       18,444
602      yes     37    15      0.41       19,644
603      yes     32    13      0.35       16,644
604      yes     41    17      0.79       22,044
605      yes     37    16      0.41       19,644
606      yes     39    17      0.43       20,844
607      yes     34    14      0.62       17,844
608      yes     33    14      0.35       17,244
609      yes     35    14      0.37       18,444
610      yes     29    12      0.58       14,844
611      yes     24    10      0.25       11,844
612      yes     33    14      0.35       17,244
613      yes     31    14      0.33       16,044
614      yes     38    17      0.70       20,244
615      yes     32    14      0.34       16,644
616      yes     38    16      0.42       20,244
617      yes     38    16      0.42       20,244
618      yes     39    18      0.75       20,844
619      yes     33    13      0.35       17,244
620      yes     30    13      0.31       15,444
621      yes     37    16      0.69       19,644
622      yes     38    17      0.41       20,244
623      yes     37    16      0.40       19,644
624      yes     34    15      0.36       17,844
625      yes     40    17      0.78       21,444
626      yes     36    15      0.39       19,044
627      yes     33    13      0.35       17,244
628      yes     31    14      0.62       16,044
629      yes     39    17      0.43       20,844
630      yes     38    17      0.41       20,244
631      yes     34    15      0.64       17,844
632      yes     34    14      0.37       17,844
633      yes     46    19      0.52       25,044
634      yes     34    14      0.66       17,844
635      yes     36    15      0.38       19,044
636      yes     38    15      0.40       20,244
637      yes     36    15      0.38       19,044
638      yes     39    17      0.69       20,844
639      yes     36    16      0.38       19,044
640      yes     36    16      0.40       19,044
641      yes     38    17      0.70       20,244
642      yes     40    16      0.44       21,444
643      yes     35    16      0.38       18,444
644      yes     34    15      0.65       17,844
645      yes     30    13      0.32       15,444
646      yes     32    13      0.35       16,644
647      yes     35    15      0.38       18,444
648      yes     37    16      0.71       19,644
649      yes     33    14      0.35       17,244
650      yes     38    15      0.41       20,244
651      yes     30    13      0.59       15,444
652      yes     32    13      0.35       16,644
653      yes     33    14      0.36       17,244
654      yes     40    17      0.44       21,444
655      yes     37    16      0.72       19,644
656      yes     37    15      0.41       19,644
657      yes     38    16      0.41       20,244
658      yes     36    14      0.64       19,044
659      yes     38    17      0.41       20,244
660      yes     32    14      0.34       16,644
661      yes     34    14      0.61       17,844
662      yes     40    17      0.43       21,444
663      yes     39    16      0.41       20,844
664      yes     41    16      0.71       22,044
665      yes     34    14      0.37       17,844
666      yes     33    15      0.36       17,244
667      yes     31    12      0.33       16,044
668      yes     35    15      0.71       18,444
669      yes     34    14      0.36       17,844
670      yes     41    17      0.45       22,044
671      yes     38    15      0.68       20,244
672      yes     41    18      0.45       22,044
673      yes     34    14      0.36       17,844
674      yes     28    12      0.29       14,244
675      yes     38    15      0.77       20,244
676      yes     33    14      0.36       17,244
677      yes     35    15      0.38       18,444
678      yes     33    13      0.60       17,244
679      yes     36    16      0.39       19,044
680      yes     38    16      0.41       20,244
681      yes     37    16      0.67       19,644
682      yes     38    16      0.41       20,244
683      yes     31    12      0.33       16,044
684      yes     23    10      0.23       11,244
685      yes     31    13      0.32       16,044
686      yes     33    13      0.74       17,244
687      yes     42    18      0.46       22,644
688      yes     42    19      0.46       22,644
689      yes     31    12      0.33       16,044
690      yes     34    15      0.37       17,844
691      yes     31    14      0.33       16,044
692      yes     40    17      0.79       23,244
693      yes     32    14      0.35       16,644
694      yes     32    14      0.34       16,644
695      yes     39    15      0.42       20,844
696      yes     28    11      0.65       14,244
697      yes     33    14      0.36       17,244
698      yes     38    16      0.41       20,244
699      yes     35    15      0.65       18,444
700      yes     38    16      0.41       20,244
701      yes     37    14      0.41       19,644
702      yes     32    13      0.33       16,644
703      yes     37    16      0.76       19,644
704      yes     33    13      0.35       17,244
705      yes     34    15      0.37       17,844
706      yes     40    17      0.75       21,444
707      yes     37    17      0.41       19,644
708      yes     40    17      0.44       21,444
709      yes     36    15      0.72       19,044
710      yes     37    16      0.41       19,644
711      yes     35    15      0.38       18,444
712      yes     34    14      0.62       17,844
713      yes     33    14      0.34       17,244
714      yes     37    16      0.38       19,644
715      yes     32    14      0.33       16,644
716      yes     33    14      0.67       17,244
717      yes     29    12      0.31       14,844
718      yes     33    13      0.34       17,244
719      yes     38    16      0.40       20,244
720      yes     37    16      0.70       19,644
721      yes     38    16      0.41       20,244
722      yes     36    15      0.38       19,044
723      yes     39    16      0.71       20,844
724      yes     29    12      0.30       14,844
725      yes     37    16      0.39       19,644
726      yes     37    16      0.60       19,644
727      yes     32    13      0.33       16,644
728      yes     36    16      0.39       19,044
729      yes     33    13      0.35       17,244
730      yes     39    17      0.72       20,844
731      yes     38    15      0.39       20,244
732      yes     38    16      0.39       20,244
733      yes     39    17      0.63       20,844
734      yes     40    17      0.42       21,444
735      yes     39    15      0.42       20,844
736      yes     32    13      0.64       16,644
737      yes     35    15      0.39       18,444
738      yes     36    14      0.39       19,044
739      yes     37    16      0.66       19,644
740      yes     37    15      0.38       19,644
741      yes     40    16      0.42       21,444
742      yes     34    15      0.35       17,844
743      yes     35    14      0.64       18,444
744      yes     30    13      0.31       15,444
745      yes     40    16      0.43       21,444
746      yes     40    16      0.71       21,444
747      yes     40    17      0.45       21,444
748      yes     36    15      0.39       19,044
749      yes     32    13      0.66       16,644
750      yes     40    16      0.43       21,444
751      yes     39    16      0.40       20,844
752      yes     34    14      0.36       17,844
753      yes     38    16      0.39       20,244
754      yes     34    15      0.34       17,844
755      yes     36    16      0.36       19,044
756      yes     38    16      0.68       20,244
757      yes     33    14      0.36       17,244
758      yes     35    15      0.38       18,444
759      yes     30    12      0.63       15,444
760      yes     38    16      0.42       20,244
761      yes     38    16      0.41       20,244
762      yes     37    16      0.39       19,644
763      yes     34    14      0.66       17,844
764      yes     40    18      0.42       21,444
765      yes     36    16      0.38       19,044
766      yes     35    15      0.64       18,444
767      yes     28    12      0.28       14,244
768      yes     33    14      0.36       17,244
769      yes     41    19      0.75       22,044
770      yes     31    12      0.33       16,044
771      yes     37    15      0.41       19,644
772      yes     30    12      0.33       15,444
773      yes     36    15      0.65       19,044
774      yes     38    16      0.39       20,244
775      yes     38    16      0.40       20,244
776      yes     34    15      0.58       17,844
777      yes     37    16      0.39       19,644
778      yes     37    16      0.39       19,644
779      yes     37    16      0.39       19,644
780      yes     36    16      0.76       19,044
781      yes     37    16      0.40       19,644
782      yes     16     6      0.15        7,044
783      yes     32    14      0.35       16,644
784      yes     35    16      0.70       18,444
785      yes     38    16      0.40       20,244
786      yes     38    17      0.40       20,244
787      yes     35    15      0.61       18,444
788      yes     33    14      0.34       17,244
789      yes     30    12      0.31       15,444
790      yes     40    17      0.64       21,444
791      yes     30    12      0.30       15,444
792      yes     38    16      0.41       20,244
793      yes     32    13      0.34       16,644
794      yes     35    15      0.69       18,444
795      yes     32    14      0.34       16,644
796      yes     36    16      0.39       19,044
797      yes     34    15      0.35       17,844
798      yes     37    16      0.62       19,644
799      yes     38    17      0.40       20,244
800      yes     36    14      0.37       19,044
801      yes     38    17      0.62       20,244
802      yes     39    16      0.41       20,844
803      yes     38    16      0.39       20,244
804      yes     33    15      0.68       17,244
805      yes     35    15      0.38       18,444
806      yes     39    17      0.42       20,844
807      yes     42    17      0.79       22,644
808      yes     35    15      0.36       18,444
809      yes     34    14      0.35       17,844
810      yes     30    13      0.30       15,444
811      yes     34    15      0.69       17,844
812      yes     36    15      0.37       19,044
813      yes     39    17      0.41       20,844
814      yes     38    16      0.64       20,244
815      yes     36    15      0.39       19,044
816      yes     34    13      0.37       17,844
817      yes     35    16      0.38       18,444
818      yes     34    14      0.38       17,844
819      yes     27    12      0.29       13,644
820      yes     31    13      0.32       16,044
821      yes     32    14      0.33       16,644
822      yes     29    13      0.29       14,844
823      yes     22     8      0.22       10,644
824      yes     32    14      0.33       16,644
825      yes     41    17      0.64       22,044
826      yes     28    12      0.28       14,244
827      yes     30    13      0.31       15,444
828      yes     42    19      0.44       22,644
829      yes     38    16      0.74       20,244
830      yes     34    14      0.38       17,844
831      yes     37    16      0.41       19,644
832      yes     37    16      0.72       19,644
833      yes     34    15      0.35       17,844
834      yes     37    16      0.39       19,644
835      yes     34    14      0.35       17,844
836      yes     39    17      0.75       20,844
837      yes     33    14      0.35       17,244
838      yes     40    17      0.42       21,444
839      yes     36    14      0.61       19,044
840      yes     30    14      0.31       15,444
841      yes     24    10      0.26       11,844
842      yes     29    12      0.32       14,844
843      yes     40    17      0.77       21,444
844      yes     34    15      0.37       17,844
845      yes     42    18      0.55       26,244
846      yes     36    16      0.59       19,044
847      yes     38    17      0.40       20,244
848      yes     32    14      0.33       16,644
849      yes     37    15      0.64       19,644
850      yes     39    17      0.41       20,844
851      yes     42    18      0.44       22,644
852      yes     35    14      0.66       18,444
853      yes     38    16      0.42       20,244
854      yes     37    15      0.39       19,644
855      yes     38    16      0.41       20,244
856      yes     28    12      0.64       14,244
857      yes     33    14      0.33       17,244
858      yes     35    15      0.36       18,444
859      yes     37    16      0.60       19,644
860      yes     36    15      0.37       19,044
861      yes     37    16      0.39       19,644
862      yes     39    18      0.41       20,844
863      yes     38    17      0.67       20,244
864      yes     35    15      0.38       18,444
865      yes     36    14      0.39       19,044
866      yes     42    19      0.77       22,644
867      yes     36    15      0.40       19,044
868      yes     39    17      0.41       20,844
869      yes     34    14      0.62       17,844
870      yes     40    18      0.42       21,444
871      yes     30    12      0.31       15,444
872      yes     36    16      0.67       19,044
873      yes     35    13      0.37       18,444
874      yes     36    16      0.37       19,044
875      yes     35    15      0.36       18,444
876      yes     32    14      0.70       16,644
877      yes     39    16      0.43       20,844
878      yes     39    16      0.43       20,844
879      yes     40    18      0.73       21,444
880      yes     37    15      0.39       19,644
881      yes     38    17      0.40       20,244
882      yes     29    11      0.55       14,844
883      yes     35    15      0.36       18,444
884      yes     33    15      0.34       17,244
885      yes     35    14      0.36       18,444
886      yes     34    14      0.65       17,844
887      yes     32    13      0.34       16,644
888      yes     42    18      0.47       22,644
889      yes     33    15      0.63       17,244
890      yes     36    15      0.40       19,044
891      yes     27    11      0.29       13,644
892      yes     36    16      0.39       19,044
893      yes     25    11      0.58       12,444
894      yes     40    17      0.43       21,444
895      yes     36    15      0.38       19,044
896      yes     37    16      0.66       19,644
897      yes     34    14      0.36       17,844
898      yes     42    18      0.45       22,644
899      yes     40    16      0.43       21,444
900      yes     32    13      0.73       16,644
901      yes     29    12      0.31       14,844
902      yes     38    16      0.42       20,244
903      yes     36    17      0.66       19,044
904      yes     41    18      0.42       22,044
905      yes     33    14      0.33       17,244
906      yes     41    17      0.66       22,044
907      yes     37    16      0.39       19,644
908      yes     32    14      0.32       16,644
909      yes     31    13      0.31       16,044
910      yes     37    15      0.67       19,644
911      yes     34    13      0.37       17,844
912      yes     33    15      0.35       17,244
913      yes     37    16      0.68       19,644
914      yes     27    12      0.29       13,644
915      yes     27    11      0.27       13,644
916      yes     34    14      0.35       17,844
917      yes     40    17      0.68       21,444
918      yes     37    16      0.39       19,644
919      yes     40    16      0.42       21,444
920      yes     39    16      0.66       20,844
921      yes     33    14      0.35       17,244
922      yes     42    18      0.47       22,644
923      yes     32    15      0.34       16,644
924      yes     39    16      0.81       20,844
925      yes     38    17      0.42       20,244
926      yes     33    14      0.34       17,244
927      yes     40    16      0.66       21,444
928      yes     38    16      0.41       20,244
929      yes     37    16      0.39       19,644
930      yes     37    15      0.63       19,644
931      yes     38    16      0.41       20,244
932      yes     33    13      0.37       17,244
933      yes     41    17      0.74       22,044
934      yes     30    13      0.32       15,444
935      yes     31    12      0.34       16,044
936      yes     34    16      0.36       17,844
937      yes     36    16      0.70       19,044
938      yes     35    15      0.36       18,444
939      yes     37    16      0.39       19,644
940      yes     39    17      0.66       20,844
941      yes     35    15      0.37       18,444
942      yes     37    16      0.41       19,644
943      yes     39    17      0.43       20,844
944      yes     31    13      0.33       16,044
945      yes     37    16      0.41       19,644
946      yes     39    16      0.41       20,844
947      yes     36    15      0.61       19,044
948      yes     35    16      0.37       18,444
949      yes     38    16      0.40       20,244
950      yes     36    14      0.64       19,044
951      yes     36    15      0.38       19,044
952      yes     36    14      0.39       19,044
953      yes     36    15      0.39       19,044
954      yes     35    15      0.78       18,444
955      yes     37    16      0.41       19,644
956      yes     38    16      0.40       20,244
957      yes     29    13      0.54       14,844
958      yes     35    15      0.36       18,444
959      yes     33    14      0.34       17,244
960      yes     32    14      0.33       16,644
961      yes     41    17      0.69       22,044
962      yes     30    13      0.32       15,444
963      yes     35    15      0.37       18,444
964      yes     32    13      0.64       16,644
965      yes     33    13      0.36       17,244
966      yes     38    16      0.40       20,244
967      yes     38    15      0.64       20,244
968      yes     38    17      0.40       20,244
969      yes     36    15      0.37       19,044
970      yes     39    17      0.40       20,844
971      yes     37    17      0.69       19,644
972      yes     38    16      0.42       20,244
973      yes     36    15      0.39       19,044
974      yes     33    14      0.67       17,244
975      yes     30    14      0.32       15,444
976      yes     32    13      0.34       16,644
977      yes     35    16      0.36       18,444
978      yes     38    17      0.66       20,244
979      yes     38    16      0.40       20,244
980      yes     36    14      0.38       19,044
981      yes     36    15      0.68       19,044
982      yes     32    15      0.35       16,644
983      yes     35    15      0.38       18,444
984      yes     35    15      0.67       18,444
985      yes     39    16      0.43       20,844
986      yes     34    14      0.35       17,844
987      yes     24    10      0.24       11,844
988      yes     31    14      0.61       16,044
989      yes     35    15      0.36       18,444
990      yes     33    14      0.34       17,244
991      yes     37    16      0.39       19,644
992      yes     36    16      0.73       19,044
993      yes     34    14      0.37       17,844
994      yes     36    16      0.39       19,044
995      yes     40    16      0.76       21,444
996      yes     38    16      0.41       20,244
997      yes     33    13      0.34       17,244
998      yes     31    13      0.32       16,044
999      yes     41    17      0.71       22,044

solved 1000/1000, mean time (solved) 0.45s
